2.573299999999999893e-02 2.573299999999999893e-02 2.573299999999999893e-02
2.573299999999999893e-02 2.573299999999999893e-02 3.563600000000000101e-02
2.573299999999999893e-02 3.563600000000000101e-02 3.563600000000000101e-02
2.573299999999999893e-02 3.563600000000000101e-02 4.540399999999999991e-02
2.573299999999999893e-02 4.540399999999999991e-02 4.540399999999999991e-02
2.573299999999999893e-02 4.540399999999999991e-02 5.524699999999999750e-02
2.573299999999999893e-02 5.524699999999999750e-02 5.524699999999999750e-02
2.573299999999999893e-02 5.524699999999999750e-02 6.520099999999999507e-02
2.573299999999999893e-02 6.520099999999999507e-02 6.520099999999999507e-02
2.573299999999999893e-02 6.520099999999999507e-02 7.517699999999999383e-02
2.573299999999999893e-02 7.517699999999999383e-02 7.517699999999999383e-02
2.573299999999999893e-02 7.517699999999999383e-02 8.514900000000000246e-02
2.573299999999999893e-02 8.514900000000000246e-02 8.514900000000000246e-02
2.573299999999999893e-02 8.514900000000000246e-02 9.515400000000000247e-02
2.573299999999999893e-02 9.515400000000000247e-02 9.515400000000000247e-02
2.573299999999999893e-02 9.515400000000000247e-02 1.051279999999999992e-01
2.573299999999999893e-02 9.515400000000000247e-02 1.151350000000000012e-01
2.573299999999999893e-02 1.051279999999999992e-01 1.051279999999999992e-01
2.573299999999999893e-02 1.051279999999999992e-01 1.151350000000000012e-01
2.573299999999999893e-02 1.151350000000000012e-01 1.151350000000000012e-01
3.563600000000000101e-02 3.563600000000000101e-02 3.563600000000000101e-02
3.563600000000000101e-02 3.563600000000000101e-02 4.540399999999999991e-02
3.563600000000000101e-02 3.563600000000000101e-02 5.524699999999999750e-02
3.563600000000000101e-02 4.540399999999999991e-02 4.540399999999999991e-02
3.563600000000000101e-02 4.540399999999999991e-02 5.524699999999999750e-02
3.563600000000000101e-02 4.540399999999999991e-02 6.520099999999999507e-02
3.563600000000000101e-02 5.524699999999999750e-02 5.524699999999999750e-02
3.563600000000000101e-02 5.524699999999999750e-02 6.520099999999999507e-02
3.563600000000000101e-02 5.524699999999999750e-02 7.517699999999999383e-02
3.563600000000000101e-02 6.520099999999999507e-02 6.520099999999999507e-02
3.563600000000000101e-02 6.520099999999999507e-02 7.517699999999999383e-02
3.563600000000000101e-02 6.520099999999999507e-02 8.514900000000000246e-02
3.563600000000000101e-02 7.517699999999999383e-02 7.517699999999999383e-02
3.563600000000000101e-02 7.517699999999999383e-02 8.514900000000000246e-02
3.563600000000000101e-02 7.517699999999999383e-02 9.515400000000000247e-02
3.563600000000000101e-02 8.514900000000000246e-02 8.514900000000000246e-02
3.563600000000000101e-02 8.514900000000000246e-02 9.515400000000000247e-02
3.563600000000000101e-02 8.514900000000000246e-02 1.051279999999999992e-01
3.563600000000000101e-02 9.515400000000000247e-02 9.515400000000000247e-02
3.563600000000000101e-02 9.515400000000000247e-02 1.051279999999999992e-01
3.563600000000000101e-02 9.515400000000000247e-02 1.151350000000000012e-01
3.563600000000000101e-02 1.051279999999999992e-01 1.051279999999999992e-01
3.563600000000000101e-02 1.051279999999999992e-01 1.151350000000000012e-01
3.563600000000000101e-02 1.151350000000000012e-01 1.151350000000000012e-01
4.540399999999999991e-02 4.540399999999999991e-02 4.540399999999999991e-02
4.540399999999999991e-02 4.540399999999999991e-02 5.524699999999999750e-02
4.540399999999999991e-02 4.540399999999999991e-02 6.520099999999999507e-02
4.540399999999999991e-02 4.540399999999999991e-02 7.517699999999999383e-02
4.540399999999999991e-02 5.524699999999999750e-02 5.524699999999999750e-02
4.540399999999999991e-02 5.524699999999999750e-02 6.520099999999999507e-02
4.540399999999999991e-02 5.524699999999999750e-02 7.517699999999999383e-02
4.540399999999999991e-02 5.524699999999999750e-02 8.514900000000000246e-02
4.540399999999999991e-02 6.520099999999999507e-02 6.520099999999999507e-02
4.540399999999999991e-02 6.520099999999999507e-02 7.517699999999999383e-02
4.540399999999999991e-02 6.520099999999999507e-02 8.514900000000000246e-02
4.540399999999999991e-02 6.520099999999999507e-02 9.515400000000000247e-02
4.540399999999999991e-02 7.517699999999999383e-02 7.517699999999999383e-02
4.540399999999999991e-02 7.517699999999999383e-02 8.514900000000000246e-02
4.540399999999999991e-02 7.517699999999999383e-02 9.515400000000000247e-02
4.540399999999999991e-02 7.517699999999999383e-02 1.051279999999999992e-01
4.540399999999999991e-02 7.517699999999999383e-02 1.151350000000000012e-01
4.540399999999999991e-02 8.514900000000000246e-02 8.514900000000000246e-02
4.540399999999999991e-02 8.514900000000000246e-02 9.515400000000000247e-02
4.540399999999999991e-02 8.514900000000000246e-02 1.051279999999999992e-01
4.540399999999999991e-02 8.514900000000000246e-02 1.151350000000000012e-01
4.540399999999999991e-02 9.515400000000000247e-02 9.515400000000000247e-02
4.540399999999999991e-02 9.515400000000000247e-02 1.051279999999999992e-01
4.540399999999999991e-02 9.515400000000000247e-02 1.151350000000000012e-01
4.540399999999999991e-02 1.051279999999999992e-01 1.051279999999999992e-01
4.540399999999999991e-02 1.051279999999999992e-01 1.151350000000000012e-01
4.540399999999999991e-02 1.151350000000000012e-01 1.151350000000000012e-01
5.524699999999999750e-02 5.524699999999999750e-02 5.524699999999999750e-02
5.524699999999999750e-02 5.524699999999999750e-02 6.520099999999999507e-02
5.524699999999999750e-02 5.524699999999999750e-02 7.517699999999999383e-02
5.524699999999999750e-02 5.524699999999999750e-02 8.514900000000000246e-02
5.524699999999999750e-02 5.524699999999999750e-02 9.515400000000000247e-02
5.524699999999999750e-02 6.520099999999999507e-02 6.520099999999999507e-02
5.524699999999999750e-02 6.520099999999999507e-02 7.517699999999999383e-02
5.524699999999999750e-02 6.520099999999999507e-02 8.514900000000000246e-02
5.524699999999999750e-02 6.520099999999999507e-02 9.515400000000000247e-02
5.524699999999999750e-02 6.520099999999999507e-02 1.051279999999999992e-01
5.524699999999999750e-02 7.517699999999999383e-02 7.517699999999999383e-02
5.524699999999999750e-02 7.517699999999999383e-02 8.514900000000000246e-02
5.524699999999999750e-02 7.517699999999999383e-02 9.515400000000000247e-02
5.524699999999999750e-02 7.517699999999999383e-02 1.051279999999999992e-01
5.524699999999999750e-02 7.517699999999999383e-02 1.151350000000000012e-01
5.524699999999999750e-02 8.514900000000000246e-02 8.514900000000000246e-02
5.524699999999999750e-02 8.514900000000000246e-02 9.515400000000000247e-02
5.524699999999999750e-02 8.514900000000000246e-02 1.051279999999999992e-01
5.524699999999999750e-02 8.514900000000000246e-02 1.151350000000000012e-01
5.524699999999999750e-02 9.515400000000000247e-02 9.515400000000000247e-02
5.524699999999999750e-02 9.515400000000000247e-02 1.051279999999999992e-01
5.524699999999999750e-02 9.515400000000000247e-02 1.151350000000000012e-01
5.524699999999999750e-02 1.051279999999999992e-01 1.051279999999999992e-01
5.524699999999999750e-02 1.051279999999999992e-01 1.151350000000000012e-01
5.524699999999999750e-02 1.151350000000000012e-01 1.151350000000000012e-01
6.520099999999999507e-02 6.520099999999999507e-02 6.520099999999999507e-02
6.520099999999999507e-02 6.520099999999999507e-02 7.517699999999999383e-02
6.520099999999999507e-02 6.520099999999999507e-02 8.514900000000000246e-02
6.520099999999999507e-02 6.520099999999999507e-02 9.515400000000000247e-02
6.520099999999999507e-02 6.520099999999999507e-02 1.051279999999999992e-01
6.520099999999999507e-02 6.520099999999999507e-02 1.151350000000000012e-01
6.520099999999999507e-02 7.517699999999999383e-02 7.517699999999999383e-02
6.520099999999999507e-02 7.517699999999999383e-02 8.514900000000000246e-02
6.520099999999999507e-02 7.517699999999999383e-02 9.515400000000000247e-02
6.520099999999999507e-02 7.517699999999999383e-02 1.051279999999999992e-01
6.520099999999999507e-02 7.517699999999999383e-02 1.151350000000000012e-01
6.520099999999999507e-02 8.514900000000000246e-02 8.514900000000000246e-02
6.520099999999999507e-02 8.514900000000000246e-02 9.515400000000000247e-02
6.520099999999999507e-02 8.514900000000000246e-02 1.051279999999999992e-01
6.520099999999999507e-02 8.514900000000000246e-02 1.151350000000000012e-01
6.520099999999999507e-02 9.515400000000000247e-02 9.515400000000000247e-02
6.520099999999999507e-02 9.515400000000000247e-02 1.051279999999999992e-01
6.520099999999999507e-02 9.515400000000000247e-02 1.151350000000000012e-01
6.520099999999999507e-02 1.051279999999999992e-01 1.051279999999999992e-01
6.520099999999999507e-02 1.051279999999999992e-01 1.151350000000000012e-01
6.520099999999999507e-02 1.151350000000000012e-01 1.151350000000000012e-01
7.517699999999999383e-02 7.517699999999999383e-02 7.517699999999999383e-02
7.517699999999999383e-02 7.517699999999999383e-02 8.514900000000000246e-02
7.517699999999999383e-02 7.517699999999999383e-02 9.515400000000000247e-02
7.517699999999999383e-02 7.517699999999999383e-02 1.051279999999999992e-01
7.517699999999999383e-02 7.517699999999999383e-02 1.151350000000000012e-01
7.517699999999999383e-02 8.514900000000000246e-02 8.514900000000000246e-02
7.517699999999999383e-02 8.514900000000000246e-02 9.515400000000000247e-02
7.517699999999999383e-02 8.514900000000000246e-02 1.051279999999999992e-01
7.517699999999999383e-02 8.514900000000000246e-02 1.151350000000000012e-01
7.517699999999999383e-02 9.515400000000000247e-02 9.515400000000000247e-02
7.517699999999999383e-02 9.515400000000000247e-02 1.051279999999999992e-01
7.517699999999999383e-02 9.515400000000000247e-02 1.151350000000000012e-01
7.517699999999999383e-02 1.051279999999999992e-01 1.051279999999999992e-01
7.517699999999999383e-02 1.051279999999999992e-01 1.151350000000000012e-01
7.517699999999999383e-02 1.151350000000000012e-01 1.151350000000000012e-01
8.514900000000000246e-02 8.514900000000000246e-02 8.514900000000000246e-02
8.514900000000000246e-02 8.514900000000000246e-02 9.515400000000000247e-02
8.514900000000000246e-02 8.514900000000000246e-02 1.051279999999999992e-01
8.514900000000000246e-02 8.514900000000000246e-02 1.151350000000000012e-01
8.514900000000000246e-02 9.515400000000000247e-02 9.515400000000000247e-02
8.514900000000000246e-02 9.515400000000000247e-02 1.051279999999999992e-01
8.514900000000000246e-02 9.515400000000000247e-02 1.151350000000000012e-01
8.514900000000000246e-02 1.051279999999999992e-01 1.051279999999999992e-01
8.514900000000000246e-02 1.051279999999999992e-01 1.151350000000000012e-01
8.514900000000000246e-02 1.151350000000000012e-01 1.151350000000000012e-01
9.515400000000000247e-02 9.515400000000000247e-02 9.515400000000000247e-02
9.515400000000000247e-02 9.515400000000000247e-02 1.051279999999999992e-01
9.515400000000000247e-02 9.515400000000000247e-02 1.151350000000000012e-01
9.515400000000000247e-02 1.051279999999999992e-01 1.051279999999999992e-01
9.515400000000000247e-02 1.051279999999999992e-01 1.151350000000000012e-01
9.515400000000000247e-02 1.151350000000000012e-01 1.151350000000000012e-01
1.051279999999999992e-01 1.051279999999999992e-01 1.051279999999999992e-01
1.051279999999999992e-01 1.051279999999999992e-01 1.151350000000000012e-01
1.051279999999999992e-01 1.151350000000000012e-01 1.151350000000000012e-01
1.151350000000000012e-01 1.151350000000000012e-01 1.151350000000000012e-01
