#k   pk
1.000000000000000048e-04 2.826758561358388420e+02
1.009962701490044103e-04 2.853917801686263260e+02
1.020024658401067950e-04 2.881337734472580223e+02
1.030186859585201920e-04 2.909020855284101117e+02
1.040450303746215301e-04 2.936969683470835548e+02
1.050815999537664552e-04 2.965186762391284105e+02
1.061284965662020682e-04 2.993674659607422086e+02
1.071858230970783131e-04 3.022435966045752025e+02
1.082536834565591782e-04 3.051473295936326622e+02
1.093321825900345933e-04 3.080789288261244110e+02
1.104214264884341060e-04 3.110386607067426894e+02
1.115215221986432323e-04 3.140267941702446137e+02
1.126325778340236326e-04 3.170436007052501850e+02
1.137547025850381714e-04 3.200893543782620441e+02
1.148880067299816590e-04 3.231643318579063475e+02
1.160326016458186447e-04 3.262688124393995395e+02
1.171885998191291294e-04 3.294030780692448275e+02
1.183561148571633478e-04 3.325674133701551796e+02
1.195352614990066389e-04 3.357621056662081287e+02
1.207261556268556093e-04 3.389874450082310773e+02
1.219289142774065792e-04 3.422437241994283568e+02
1.231436556533575442e-04 3.455312388212431642e+02
1.243704991350247379e-04 3.488502872594539781e+02
1.256095652920747837e-04 3.522011707305214259e+02
1.268609758953739126e-04 3.555841933081742923e+02
1.281248539289552111e-04 3.589996619502429098e+02
1.294013236021049004e-04 3.624478865257424332e+02
1.306905103615692602e-04 3.659291798422038937e+02
1.319925409038830914e-04 3.694438576732621868e+02
1.333075431878209111e-04 3.729922387858647426e+02
1.346356464469723420e-04 3.765746448302005547e+02
1.359769812024426471e-04 3.801914001872820563e+02
1.373316792756799248e-04 3.838428322564134305e+02
1.386998738014299972e-04 3.875292715251771938e+02
1.400816992408204266e-04 3.912510515981240360e+02
1.414772913945748522e-04 3.950085092257182282e+02
1.428867874163590045e-04 3.988019843335458745e+02
1.443103258262595605e-04 4.026318200517965238e+02
1.457480465243976033e-04 4.064983627450036465e+02
1.472000908046772270e-04 4.104019620420608589e+02
1.486666013686716188e-04 4.143429708665078124e+02
1.501477223396470786e-04 4.183217454670924553e+02
1.516435992767270089e-04 4.223386454486087018e+02
1.531543791891969055e-04 4.263940338030217276e+02
1.546802105509518935e-04 4.304882769408619652e+02
1.562212433150881913e-04 4.346217447229155368e+02
1.577776289286399658e-04 4.387948104921977119e+02
1.593495203474629618e-04 4.430078511062177995e+02
1.609370720512664230e-04 4.472612469695321806e+02
1.625404400587949312e-04 4.515553820665979288e+02
1.641597819431611118e-04 4.558906439949199125e+02
1.657952568473315376e-04 4.602674239985005329e+02
1.674470254997666976e-04 4.646861170015940843e+02
1.691152502302166840e-04 4.691471214997636139e+02
1.708000949856744411e-04 4.736508391020919362e+02
1.725017253464879044e-04 4.781976749979342571e+02
1.742203085426325196e-04 4.827880381578168567e+02
1.759560134701461484e-04 4.874223413678549832e+02
1.777090107077273909e-04 4.921010012644837275e+02
1.794794725334995463e-04 4.968244383694814701e+02
1.812675729419413787e-04 5.015930771253086959e+02
1.830734876609867200e-04 5.064073459307513758e+02
1.848973941692944013e-04 5.112676771768787489e+02
1.867394717136901109e-04 5.161745072833208496e+02
1.885999013267821323e-04 5.211282767348553762e+02
1.904788658447526407e-04 5.261294301183241942e+02
1.923765499253260773e-04 5.311784161598639002e+02
1.942931400659166606e-04 5.362756877624693743e+02
1.962288246219567162e-04 5.414217020438799182e+02
1.981837938254074768e-04 5.466169203748086147e+02
2.001582398034544683e-04 5.518618084174843261e+02
2.021523565973889450e-04 5.571568361645524874e+02
2.041663401816776777e-04 5.625024779782999076e+02
2.062003884832225309e-04 5.678992126302379120e+02
2.082547014008119990e-04 5.733475233410065357e+02
2.103294808247665700e-04 5.788478978206536567e+02
2.124249306567796522e-04 5.844008281896013841e+02
2.145412568299564767e-04 5.900068100626692740e+02
2.166786673290522212e-04 5.956663430549081113e+02
2.188373722109121489e-04 6.013799313617276994e+02
2.210175836251151429e-04 6.071480838041140942e+02
2.232195158348230222e-04 6.129713138693829251e+02
2.254433852378375370e-04 6.188501397522639991e+02
2.276894103878671029e-04 6.247850843963202578e+02
2.299578120160055772e-04 6.307766755357215516e+02
2.322488130524247329e-04 6.368254457373542436e+02
2.345626386482830834e-04 6.429319324432766507e+02
2.368995161978530131e-04 6.490966780135375984e+02
2.392596753608680811e-04 6.553202297693275113e+02
2.416433480850932914e-04 6.616031400365055788e+02
2.440507686291198746e-04 6.679459661894692317e+02
2.464821735853876166e-04 6.743492706953966263e+02
2.489378019034360883e-04 6.808136211588372362e+02
2.514178949133877338e-04 6.873395903666869344e+02
2.539226963496651174e-04 6.939277563335131163e+02
2.564524523749439318e-04 7.005787023472723831e+02
2.590074116043452343e-04 7.072930170153786094e+02
2.615878251298683226e-04 7.140712943111622053e+02
2.641939465450670677e-04 7.209141336207131872e+02
2.668260319699722522e-04 7.278221397178385814e+02
2.694843400762620290e-04 7.347959213312650490e+02
2.721691321126833716e-04 7.418360911868907124e+02
2.748806719307264157e-04 7.489432674330209920e+02
2.776192260105549430e-04 7.561180737444466331e+02
2.803850634871952303e-04 7.633611393686478550e+02
2.831784561769852158e-04 7.706730991723168245e+02
2.859996786042880482e-04 7.780545936882543856e+02
2.888490080284711022e-04 7.855062691625913658e+02
2.917267244711541476e-04 7.930287776023779998e+02
2.946331107437285689e-04 8.006227768235116855e+02
2.975684524751514301e-04 8.082889304990295614e+02
3.005330381400157401e-04 8.160279082077495332e+02
3.035271590869007669e-04 8.238403854832782827e+02
3.065511095670050046e-04 8.317270438633740923e+02
3.096051867630625495e-04 8.396885709396631228e+02
3.126896908185526451e-04 8.477256604077510929e+02
3.158049248671917163e-04 8.558390121176603316e+02
3.189511950627296841e-04 8.640293321246763298e+02
3.221288106090321852e-04 8.722973327405225064e+02
3.253380837904732521e-04 8.806437325849558420e+02
3.285793300026203494e-04 8.890692566376932291e+02
3.318528677832354541e-04 8.975746362907532330e+02
3.351590188435745626e-04 9.061606093793600394e+02
3.384981081000095317e-04 9.148279184118021021e+02
3.418704637059542546e-04 9.235773091557067573e+02
3.452764170841200004e-04 9.324095334791187497e+02
3.487163029590806739e-04 9.413253497154483966e+02
3.521904593901741226e-04 9.503255227130963476e+02
3.556992278047195976e-04 9.594108238853332296e+02
3.592429530315775516e-04 9.685820312604993205e+02
3.628219833350327457e-04 9.778399295324899185e+02
3.664366704490258186e-04 9.871853101115789286e+02
3.700873696117147247e-04 9.966189711754981317e+02
3.737744396003922238e-04 1.006141717720847851e+03
3.774982427667390944e-04 1.015754361614812069e+03
3.812591450724407173e-04 1.025457721647170501e+03
3.850575161251464291e-04 1.035252623582610795e+03
3.888937292147995111e-04 1.045139900213363262e+03
3.927681613503162367e-04 1.055120391412127901e+03
3.966811932966433051e-04 1.065194944185318718e+03
4.006332096121718151e-04 1.075364412726590444e+03
4.046245986865365648e-04 1.085629658470729737e+03
4.086557527787789920e-04 1.095991550147780117e+03
4.127270680559036800e-04 1.106450963837546396e+03
4.168389446318053362e-04 1.117008783024351033e+03
4.209917866065974665e-04 1.127665898651783891e+03
4.251860021063188946e-04 1.138423207451091002e+03
4.294220033230498391e-04 1.149281607883044217e+03
4.337002065554136946e-04 1.160242004542031509e+03
4.380210322494961775e-04 1.171305309365051926e+03
4.423849050401584696e-04 1.182472441680411521e+03
4.467922537927755330e-04 1.193744328256591643e+03
4.512435116453765004e-04 1.205121903351282072e+03
4.557391160512190716e-04 1.216606108760619236e+03
4.602795088217734678e-04 1.228197893868514711e+03
4.648651361701493906e-04 1.239898215696229045e+03
4.694964487549408328e-04 1.251708038952034713e+03
4.741739017245225670e-04 1.263628336081098951e+03
4.788979547617729982e-04 1.275660087315470491e+03
4.836690721292576925e-04 1.287804280724271848e+03
4.884877227148476169e-04 1.300061912263997328e+03
4.933543800778075446e-04 1.312433985829000221e+03
4.982695224953285476e-04 1.324921513302091626e+03
5.032336330095362386e-04 1.337525514605334820e+03
5.082471994749607203e-04 1.350247017750921259e+03
5.133107146064806552e-04 1.363087058892252116e+03
5.184246760277462290e-04 1.376046682375099635e+03
5.235895863200834988e-04 1.389126940788958564e+03
5.288059530718861988e-04 1.402328895018496951e+03
5.340742889284996655e-04 1.415653613079107345e+03
5.393951116426018693e-04 1.429102163250516242e+03
5.447689441250861070e-04 1.442675618604472447e+03
5.501963144964508836e-04 1.456375060217360897e+03
5.556777561387014289e-04 1.470201577220055697e+03
5.612138077477688133e-04 1.484156266838653892e+03
5.668050133864507801e-04 1.498240234435117372e+03
5.724519225378804773e-04 1.512454593547825652e+03
5.781550901595272065e-04 1.526800465932053157e+03
5.839150767377361290e-04 1.541278981600306224e+03
5.897324483428103984e-04 1.555891278862597119e+03
5.956077766846426579e-04 1.570638504366569350e+03
6.015416391689005658e-04 1.585521813137539311e+03
6.075346189537722021e-04 1.600542368618388309e+03
6.135873050072763448e-04 1.615701342709316350e+03
6.197002921651444465e-04 1.630999915807494745e+03
6.258741811892788633e-04 1.646439276846555686e+03
6.321095788267934099e-04 1.662020623335901291e+03
6.384070978696423102e-04 1.677745161399927838e+03
6.447673572148429665e-04 1.693614105817011932e+03
6.511909819252990504e-04 1.709628680058373675e+03
6.576786032912294465e-04 1.725790116326752241e+03
6.642308588922091195e-04 1.742099655594898877e+03
6.708483926598278685e-04 1.758558546938306108e+03
6.775318549409735814e-04 1.775168037974138997e+03
6.842819025617463864e-04 1.791929376992773996e+03
6.910991988920084719e-04 1.808843820295701107e+03
6.979844139105782471e-04 1.825912632401009660e+03
7.049382242710726387e-04 1.843137086063814195e+03
7.119613133684071738e-04 1.860518462296210828e+03
7.190543714059563409e-04 1.878058050386644481e+03
7.262180954633851810e-04 1.895757147918821147e+03
7.334531895651552526e-04 1.913617060790036703e+03
7.407603647497136437e-04 1.931639103228923659e+03
7.481403391393712113e-04 1.949824597812699267e+03
7.555938380108770955e-04 1.968174875483756523e+03
7.631215938666962304e-04 1.986691275565746537e+03
7.707243465069967903e-04 2.005375145778974002e+03
7.784028431023552698e-04 2.024227842255251971e+03
7.861578382671857018e-04 2.043250729552088387e+03
7.939900941339000625e-04 2.062445180666250963e+03
8.019003804278081009e-04 2.081812577046684055e+03
8.098894745427631008e-04 2.101354308606748873e+03
8.179581616175613792e-04 2.121071773735815896e+03
8.261072346131023529e-04 2.140966379310142656e+03
8.343374943903184970e-04 2.161039540703076000e+03
8.426497497888806162e-04 2.181292681547409757e+03
8.510448177066876453e-04 2.201727223182684611e+03
8.595235231801483505e-04 2.222344580217816656e+03
8.680866994652631716e-04 2.243146173740288759e+03
8.767351881195131454e-04 2.264133432333870132e+03
8.854698390845655576e-04 2.285307792061357759e+03
8.942915107698025043e-04 2.306670696446092734e+03
9.032010701366825550e-04 2.328223596452365655e+03
9.121993927839427800e-04 2.349967950464617388e+03
9.212873630336486245e-04 2.371905224265449760e+03
9.304658740181027954e-04 2.394036891012412980e+03
9.397358277676181497e-04 2.416364431213579337e+03
9.490981352991664007e-04 2.438889332701839976e+03
9.585537167059094733e-04 2.461613090607961112e+03
9.681035012476227244e-04 2.484537207332336038e+03
9.777484274420193515e-04 2.507663192515465653e+03
9.874894431569842309e-04 2.530992563007048830e+03
9.973275057037270502e-04 2.554526842833840419e+03
1.007263581930863735e-03 2.578267563166059517e+03
1.017298648319433325e-03 2.602216262282476237e+03
1.027433691078865263e-03 2.626374485534093765e+03
1.037669706243898177e-03 2.650743785306417976e+03
1.048007699772467941e-03 2.675325720980297319e+03
1.058448687644568701e-03 2.700121858848632201e+03
1.068993695962100520e-03 2.725133754514891280e+03
1.079643761049709936e-03 2.750362924808243406e+03
1.090399929556636668e-03 2.775810883969399583e+03
1.101263258559574470e-03 2.801479150371626019e+03
1.112234815666556789e-03 2.827369246415827547e+03
1.123315679121876954e-03 2.853482698423272723e+03
1.134506937912054415e-03 2.879821036525990621e+03
1.145809691872856119e-03 2.906385794554680615e+03
1.157225051797384965e-03 2.933178509924300670e+03
1.168754139545243129e-03 2.960200723517138613e+03
1.180398088152785673e-03 2.987453979563392295e+03
1.192158041944470703e-03 3.014939825519394162e+03
1.204035156645318896e-03 3.042659811943115528e+03
1.216030599494494734e-03 3.070615492367332081e+03
1.228145549360017694e-03 3.098808423170072729e+03
1.240381196854617712e-03 3.127240163442615994e+03
1.252738744452744010e-03 3.155912274854763382e+03
1.265219406608739236e-03 3.184826321517592078e+03
1.277824409876192986e-03 3.213983869843458251e+03
1.290554993028481239e-03 3.243386488403424210e+03
1.303412407180509899e-03 3.273035747781915234e+03
1.316397915911669174e-03 3.302933220428743880e+03
1.329512795390013326e-03 3.333080480508305300e+03
1.342758334497677923e-03 3.363479096512290198e+03
1.356135834957547179e-03 3.394130601834833215e+03
1.369646611461180922e-03 3.425036518200193314e+03
1.383291991798019181e-03 3.456198366378824630e+03
1.397073316985871340e-03 3.487617665984208543e+03
1.410991941402707202e-03 3.519295935262931835e+03
1.425049232919760149e-03 3.551234690881418373e+03
1.439246573035956071e-03 3.583435447709309756e+03
1.453585357013682366e-03 3.615899718599351218e+03
1.468066994015908939e-03 3.648629014163892862e+03
1.482692907244675734e-03 3.681624842547957542e+03
1.497464534080960013e-03 3.714888709198796278e+03
1.512383326225936629e-03 3.748422116631983044e+03
1.527450749843645584e-03 3.782226564194066668e+03
1.542668285705081849e-03 3.816303547821569737e+03
1.558037429333719581e-03 3.850654559796628291e+03
1.573559691152487221e-03 3.885281088498945792e+03
1.589236596632205394e-03 3.920184618154306008e+03
1.605069686441505617e-03 3.955366628579431563e+03
1.621060516598241087e-03 3.990828594923306355e+03
1.637210658622406017e-03 4.026571987404909578e+03
1.653521699690579591e-03 4.062598271047279923e+03
1.669995242791907312e-03 4.098908905408081409e+03
1.686632906885636657e-03 4.135505337337791389e+03
1.703436327060223751e-03 4.172388935148493147e+03
1.720407154694021884e-03 4.209561015151179163e+03
1.737547057617574433e-03 4.247022882112993102e+03
1.754857720277522813e-03 4.284775829418199464e+03
1.772340843902147018e-03 4.322821138690312182e+03
1.789998146668556967e-03 4.361160079409796708e+03
1.807831363871548105e-03 4.399793908527359235e+03
1.825842248094139680e-03 4.438723870072787577e+03
1.844032569379812619e-03 4.477951194759333703e+03
1.862404115406462611e-03 4.517477099583788913e+03
1.880958691662086828e-03 4.557302787422057008e+03
1.899698121622220119e-03 4.597429446620407361e+03
1.918624246929139746e-03 4.637858250582342407e+03
1.937738927572855594e-03 4.678590357351082275e+03
1.957044042073901886e-03 4.719626909187782985e+03
1.976541487667953824e-03 4.760969032145415440e+03
1.996233180492276976e-03 4.802617835638331599e+03
2.016121055774042995e-03 4.844574412007566025e+03
2.036207068020512347e-03 4.886839836081950125e+03
2.056493191211118503e-03 4.929415164734989958e+03
2.076981418991463366e-03 4.972301436437500342e+03
2.097673764869243448e-03 5.015499670806155336e+03
2.118572262412132812e-03 5.059010866065260416e+03
2.139678965447631889e-03 5.102835945889713912e+03
2.160995948264913397e-03 5.146975752735458627e+03
2.182525305818671432e-03 5.191431101404381479e+03
2.204269153935010158e-03 5.236202781313129890e+03
2.226229629519376439e-03 5.281291555943648746e+03
2.248408890766569797e-03 5.326698162289530956e+03
2.270809117372837947e-03 5.372423310298199794e+03
2.293432510750094324e-03 5.418467682308874828e+03
2.316281294242259793e-03 5.464831932486676124e+03
2.339357713343768411e-03 5.511516686252582986e+03
2.362664035920244640e-03 5.558522539709657394e+03
2.386202552431380616e-03 5.605850059065363894e+03
2.409975576156036040e-03 5.653499780050286972e+03
2.433985443419578020e-03 5.701472207333017650e+03
2.458234513823477369e-03 5.749767813931699493e+03
2.482725170477226816e-03 5.798387040622058521e+03
2.507459820232507859e-03 5.847330295341999772e+03
2.532440893919766720e-03 5.896597952593098853e+03
2.557670846587067112e-03 5.946190352838762919e+03
2.583152157741405025e-03 5.996107801899520382e+03
2.608887331592343265e-03 6.046350570345183769e+03
2.634878897298158305e-03 6.096918892884413253e+03
2.661129409214353734e-03 6.147812967381664748e+03
2.687641447144736330e-03 6.199032908238315031e+03
2.714417616594906862e-03 6.250578699111550122e+03
2.741460549028361653e-03 6.302450270017494404e+03
2.768772902125060491e-03 6.354647506977390549e+03
2.796357360042658630e-03 6.407170251315067617e+03
2.824216633680248518e-03 6.460018298952025361e+03
2.852353460944825024e-03 6.513191399701249793e+03
2.880770607020309397e-03 6.566689256559151545e+03
2.909470864639348772e-03 6.620511524996451953e+03
2.938457054357728176e-03 6.674657812247597576e+03
2.967732024831611862e-03 6.729127676599515326e+03
2.997298653097450055e-03 6.783920626679338966e+03
3.027159844854774434e-03 6.839036120741679042e+03
3.057318534751707600e-03 6.894473565955554477e+03
3.087777686673421132e-03 6.950232317691050412e+03
3.118540294033364003e-03 7.006311678806160671e+03
3.149609380067495967e-03 7.062710898933763019e+03
3.180987998131348110e-03 7.119429173769181943e+03
3.212679232000146927e-03 7.176465644358386271e+03
3.244686196171825410e-03 7.233819396387255438e+03
3.277012036173155337e-03 7.291489459471938062e+03
3.309659928868826425e-03 7.349474806450544747e+03
3.342633082773710865e-03 7.407774352676411581e+03
3.375934738368127630e-03 7.466386914093011910e+03
3.409568168416362861e-03 7.525311090051648534e+03
3.443536678288248130e-03 7.584545376983486676e+03
3.477843606284055505e-03 7.644088203542258270e+03
3.512492323962518141e-03 7.703937929814351264e+03
3.547486236472231855e-03 7.764092846533248121e+03
3.582828782886240786e-03 7.824551174298521801e+03
3.618523436540078183e-03 7.885311062799709362e+03
3.654573705373052005e-03 7.946370590045567951e+03
3.690983132273051564e-03 8.007727761598941470e+03
3.727755295424672270e-03 8.069380509817437996e+03
3.764893808660923439e-03 8.131326693101018463e+03
3.802402321818323591e-03 8.193564095145646206e+03
3.840284521095653839e-03 8.256090424204830924e+03
3.878544129416162944e-03 8.318903312358024777e+03
3.917184906793502903e-03 8.382000314787535899e+03
3.956210650701189047e-03 8.445378909063319952e+03
3.995625196445862226e-03 8.509036494436824796e+03
4.035432417544147082e-03 8.572970391143808229e+03
4.075636226103390887e-03 8.637177839716820017e+03
4.116240573206064388e-03 8.701656000307468275e+03
4.157249449298128230e-03 8.766401952019399687e+03
4.198666884581131638e-03 8.831412692251731642e+03
4.240496949408351264e-03 8.896685105594360721e+03
4.282743754684744698e-03 8.962215760996117751e+03
4.325411452271023943e-03 9.028001029454415402e+03
4.368504235391613803e-03 9.094037186297633525e+03
4.412026339046818714e-03 9.160320411024245914e+03
4.455982040428949943e-03 9.226846786622645595e+03
4.500375659342745367e-03 9.293612298908434241e+03
4.545211558629832886e-03 9.360612835879364866e+03
4.590494144597564476e-03 9.427844187088483523e+03
4.636227867451980615e-03 9.495302043036499526e+03
4.682417221735233823e-03 9.562981994583398773e+03
4.729066746767218894e-03 9.630879532380287856e+03
4.776181027091759394e-03 9.698990046322143826e+03
4.823764692927081515e-03 9.767308825021675148e+03
4.871822420620933528e-03 9.835831055305483460e+03
4.920358933110078464e-03 9.904551821732360622e+03
4.969379000384531279e-03 9.973466106135399968e+03
5.018887439956251639e-03 1.004256878718748703e+04
5.068889117332672258e-03 1.011185463999141211e+04
5.119388946494785216e-03 1.018131833569522132e+04
5.170391890380149694e-03 1.025095444113309532e+04
5.221902961370547026e-03 1.032075741849272345e+04
5.273927221784663853e-03 1.039072162500954983e+04
5.326469784375517137e-03 1.046084129162839599e+04
5.379535812832994882e-03 1.053111017937588440e+04
5.433130522291246267e-03 1.060152162517709985e+04
5.487259179841287235e-03 1.067206883185623519e+04
5.541927105048544827e-03 1.074274487729380598e+04
5.597139670475733200e-03 1.081354271422129204e+04
5.652902302210761204e-03 1.088445517005555303e+04
5.709220480400075716e-03 1.095547494677582108e+04
5.766099739787141493e-03 1.102659462084210827e+04
5.823545670256467799e-03 1.109780664315751528e+04
5.881563917382866095e-03 1.116910333907442873e+04
5.940160182986372467e-03 1.124047690844575845e+04
5.999340225692505191e-03 1.131191942572218250e+04
6.059109861498298936e-03 1.138342284009615651e+04
6.119474964343783394e-03 1.145497897569344786e+04
6.180441466689344347e-03 1.152657953181338235e+04
6.242015360098654951e-03 1.159821608321816529e+04
6.304202695827594398e-03 1.166988008047268704e+04
6.367009585418849545e-03 1.174156285033513086e+04
6.430442201302633172e-03 1.181325559619954765e+04
6.494506777403186680e-03 1.188494939859085935e+04
6.559209609751529522e-03 1.195663521571377896e+04
6.624557057104105834e-03 1.202830388405537451e+04
6.690555541567806165e-03 1.209994611216753765e+04
6.757211549231000036e-03 1.217155209027584533e+04
6.824531630801073702e-03 1.224311126899298688e+04
6.892522402248101900e-03 1.231461290472363726e+04
6.961190545455147975e-03 1.238604611110672704e+04
7.030542808874828097e-03 1.245739986003888225e+04
7.100586008192631346e-03 1.252866298277610622e+04
7.171327026996631403e-03 1.259982417111426548e+04
7.242772817454091148e-03 1.267087197864981317e+04
7.314930400994584629e-03 1.274179482212152107e+04
7.387806869000149851e-03 1.281258098283457184e+04
7.461409383502088169e-03 1.288321860816705885e+04
7.535745177884941096e-03 1.295369571316087422e+04
7.610821557597240335e-03 1.302400018219727099e+04
7.686645900869581820e-03 1.309411977075771574e+04
7.763225659439608288e-03 1.316404210727155623e+04
7.840568359284464175e-03 1.323375469505058754e+04
7.918681601360291755e-03 1.330324491431154092e+04
7.997573062349357456e-03 1.337250002428717380e+04
8.077250495414352999e-03 1.344150716542672671e+04
8.157721730960486306e-03 1.351025336168588910e+04
8.238994677404883407e-03 1.357872552290736712e+04
8.321077321953938843e-03 1.364691044729227906e+04
8.403977731388132325e-03 1.371479482348603597e+04
8.487704052854939604e-03 1.378236476944288188e+04
8.572264514669370936e-03 1.384960495289662140e+04
8.657667427122718237e-03 1.391649966661847066e+04
8.743921183299221273e-03 1.398303306657199028e+04
8.831034259900904376e-03 1.404918917551209415e+04
8.919015218080649648e-03 1.411495188672224322e+04
9.007872704283548249e-03 1.418030496788941309e+04
9.097615451096640812e-03 1.424523206511829267e+04
9.188252278107130258e-03 1.430971670708440615e+04
9.279792092769127698e-03 1.437374230932691535e+04
9.372243891279059824e-03 1.443729217868159139e+04
9.465616759459762053e-03 1.450034951785335761e+04
9.559919873653417027e-03 1.456289743012934741e+04
9.655162501623366228e-03 1.462491892423189711e+04
9.751354003464907452e-03 1.468639691931128618e+04
9.848503832525175306e-03 1.474731425007840699e+04
9.946621536332179297e-03 1.480765367207655436e+04
1.004571675753310016e-02 1.486739786709198779e+04
1.014579923484193631e-02 1.492652944870281317e+04
1.024687880399658378e-02 1.498503096796493810e+04
1.034896539872546227e-02 1.504288491923526635e+04
1.045206905172376029e-02 1.510007374612988497e+04
1.055619989563941208e-02 1.515657984761706393e+04
1.066136816406890175e-02 1.521238524665537625e+04
1.076758419256297963e-02 1.526747001218304649e+04
1.087485841964240182e-02 1.532181347961837309e+04
1.098320138782379191e-02 1.537539492432403313e+04
1.109262374465571840e-02 1.542819357060777475e+04
1.120313624376509908e-02 1.548018860019002568e+04
1.131474974591402394e-02 1.553135916086836551e+04
1.142747522006711848e-02 1.558168437537742648e+04
1.154132374446952339e-02 1.563114335044130166e+04
1.165630650773563128e-02 1.567971518601556636e+04
1.177243480994866025e-02 1.572737898471697554e+04
1.188972006377118223e-02 1.577411386143640266e+04
1.200817379556672233e-02 1.581989895313273882e+04
1.212780764653252283e-02 1.586471342880352495e+04
1.224863337384360200e-02 1.590853649962870259e+04
1.237066285180819618e-02 1.595134742928318883e+04
1.249390807303473946e-02 1.599312554441403154e+04
1.261838114961043658e-02 1.603385024527728638e+04
1.274409431429160584e-02 1.607350101653012644e+04
1.287105992170585987e-02 1.611205743817268012e+04
1.299929044956628713e-02 1.614949919663426590e+04
1.312879849989769671e-02 1.618580609599820673e+04
1.325959680027511550e-02 1.622095806935982364e+04
1.339169820507460189e-02 1.625493500009681884e+04
1.352511569673651819e-02 1.628771463755546029e+04
1.365986238704141459e-02 1.631927336555671900e+04
1.379595151839858869e-02 1.634958768835747287e+04
1.393339646514751493e-02 1.637863427226777821e+04
1.407221073487221509e-02 1.640638996090657020e+04
1.421240796972874157e-02 1.643283179064354408e+04
1.435400194778587227e-02 1.645793700621644530e+04
1.449700658437917504e-02 1.648168307651396390e+04
1.464143593347854919e-02 1.650404771051309217e+04
1.478730418906940014e-02 1.652500887335976586e+04
1.493462568654757745e-02 1.654454480258108742e+04
1.508341490412819577e-02 1.656263402441681319e+04
1.523368646426850707e-02 1.657925537025825906e+04
1.538545513510494039e-02 1.659438799318016754e+04
1.553873583190445648e-02 1.660801138455411274e+04
1.569354361853037352e-02 1.662010539072771280e+04
1.584989370892277843e-02 1.663065022975681859e+04
1.600780146859370409e-02 1.663962650817547910e+04
1.616728241613719225e-02 1.664701523778862975e+04
1.632835222475440690e-02 1.665279785247258769e+04
1.649102672379392995e-02 1.665695622496703436e+04
1.665532190030743001e-02 1.665947268364312185e+04
1.682125390062078757e-02 1.666032999268164713e+04
1.698883903192091246e-02 1.665951021563858376e+04
1.715809376385835083e-02 1.665699449906590962e+04
1.732903473016585844e-02 1.665276443133374414e+04
1.750167873029310692e-02 1.664680214567981602e+04
1.767604273105767218e-02 1.663909033937455752e+04
1.785214386831246447e-02 1.662961229278915198e+04
1.802999944862978057e-02 1.661835188834476139e+04
1.820962695100214121e-02 1.660529362932077129e+04
1.839104402856003503e-02 1.659042265849930118e+04
1.857426851030683640e-02 1.657372477662340316e+04
1.875931840287095240e-02 1.655518646064561108e+04
1.894621189227544550e-02 1.653479488174339349e+04
1.913496734572530875e-02 1.651253792307804542e+04
1.932560331341251145e-02 1.648840419727288827e+04
1.951813853033904783e-02 1.646238306358721820e+04
1.971259191815814479e-02 1.643446464476106848e+04
1.990898258703380913e-02 1.640463984350733881e+04
2.010732983751891204e-02 1.637290035862628793e+04
2.030765316245197044e-02 1.633923870071836791e+04
2.050997224887282991e-02 1.630364820747076919e+04
2.071430697995743989e-02 1.626612305849345103e+04
2.092067743697189133e-02 1.622665828968021196e+04
2.112910390124594223e-02 1.618524981797495639e+04
2.133960685616618363e-02 1.614189662830318775e+04
2.155220698918906483e-02 1.609660337974916729e+04
2.176692519387399619e-02 1.604937619526742310e+04
2.198378257193668583e-02 1.600022201801165647e+04
2.220280043532292524e-02 1.594914861319347619e+04
2.242400030830306659e-02 1.589616456935549832e+04
2.264740392958734805e-02 1.584127929905215933e+04
2.287303325446227859e-02 1.578450303893086129e+04
2.310091045694833908e-02 1.572584684920709515e+04
2.333105793197915237e-02 1.566532261252781791e+04
2.356349829760238587e-02 1.560294303221757218e+04
2.379825439720256036e-02 1.553872162990282595e+04
2.403534930174602152e-02 1.547267274251045092e+04
2.427480631204825476e-02 1.540481151863744344e+04
2.451664896106383121e-02 1.533515391428820476e+04
2.476090101619910985e-02 1.526371668797831262e+04
2.500758648164803227e-02 1.519051739520254523e+04
2.525672960075115228e-02 1.511557438226729391e+04
2.550835485837819536e-02 1.503890677948654593e+04
2.576248698333433521e-02 1.496053449374276170e+04
2.601915095079044074e-02 1.488047820041356681e+04
2.627837198473756408e-02 1.479875933466703282e+04
2.654017556046584306e-02 1.471540008212737666e+04
2.680458740706812698e-02 1.463042859004684578e+04
2.707163350996854081e-02 1.454389580338281667e+04
2.734134011347623405e-02 1.445585861295735594e+04
2.761373372336456758e-02 1.436637377578411724e+04
2.788884110947601261e-02 1.427549787019797805e+04
2.816668930835299067e-02 1.418328725235383536e+04
2.844730562589492875e-02 1.408979801405646322e+04
2.873071764004177242e-02 1.399508594194036596e+04
2.901695320348425186e-02 1.389920647801775522e+04
2.930604044640114370e-02 1.380221468160823679e+04
2.959800777922379916e-02 1.370416519266187061e+04
2.989288389542820931e-02 1.360511219648559927e+04
3.019069777435490556e-02 1.350510938987817644e+04
3.049147868405694198e-02 1.340420994867898480e+04
3.079525618417624372e-02 1.330246649673157663e+04
3.110206012884862703e-02 1.319993107626187702e+04
3.141192066963775092e-02 1.309665511966785380e+04
3.172486825849829550e-02 1.299268942271602646e+04
3.204093365076868954e-02 1.288808411913759664e+04
3.236014790819360942e-02 1.278288865661531418e+04
3.268254240197661364e-02 1.267715177415023936e+04
3.300814881586321831e-02 1.257092148079572689e+04
3.333699914925461472e-02 1.246424503574431947e+04
3.366912572035249407e-02 1.235717361859817720e+04
3.400456116933513184e-02 1.224979119623957740e+04
3.434333846156516212e-02 1.214219433573264359e+04
3.468549089082928472e-02 1.203447697187831545e+04
3.503105208261025894e-02 1.192673032429301566e+04
3.538005599739149631e-02 1.181904288772315522e+04
3.573253693399455061e-02 1.171150042890266741e+04
3.608852953294991450e-02 1.160418598965389720e+04
3.644806877990133809e-02 1.149717989593079437e+04
3.681119000904409244e-02 1.139055977250525757e+04
3.717792890659749050e-02 1.128440056299761090e+04
3.754832151431199833e-02 1.117877455495615504e+04
3.792240423301129065e-02 1.107375140969372114e+04
3.830021382616956988e-02 1.096939819659392379e+04
3.868178742352455790e-02 1.086577943160539144e+04
3.906716252472647311e-02 1.076295711964785551e+04
3.945637700302336015e-02 1.066099080066165698e+04
3.984946910898312655e-02 1.055993759903905266e+04
4.024647747425265376e-02 1.045985227618377758e+04
4.064744111535441989e-02 1.036078728595437497e+04
4.105239943752084231e-02 1.026279283275462149e+04
4.146139223856691591e-02 1.016591693204539297e+04
4.187445971280139012e-02 1.007020568613447540e+04
4.229164245497690766e-02 9.975704027257972484e+03
4.271298146427952164e-02 9.882455088580445590e+03
4.313851814835792386e-02 9.790500027642001442e+03
4.356829432739286329e-02 9.699878097771603279e+03
4.400235223820705976e-02 9.610626720870484860e+03
4.444073453841609206e-02 9.522781561401072395e+03
4.488348431062062077e-02 9.436376601429812581e+03
4.533064506664041121e-02 9.351444216583420712e+03
4.578226075179048921e-02 9.268015252790182785e+03
4.623837574919994337e-02 9.186119103688204632e+03
4.669903488417371379e-02 9.105783788594379075e+03
4.716428342859789458e-02 9.027036030939145348e+03
4.763416710538884852e-02 8.949901337082254031e+03
4.810873209298671682e-02 8.874404075437201755e+03
4.858802502989365002e-02 8.800564091276364707e+03
4.907209301925726658e-02 8.728364452758190964e+03
4.956098363349980412e-02 8.657767382198220730e+03
5.005474491899332412e-02 8.588735871401699114e+03
5.055342540078155977e-02 8.521233936621283647e+03
5.105707408734876107e-02 8.455226585624877771e+03
5.156574047543607819e-02 8.390679785906077086e+03
5.207947455490593430e-02 8.327560433993623519e+03
5.259832681365481100e-02 8.265836325817521356e+03
5.312234824257503624e-02 8.205476128092270301e+03
5.365159034056597720e-02 8.146442223299799480e+03
5.418610511959517234e-02 8.088659332987384005e+03
5.472594510980984678e-02 8.032041185594052877e+03
5.527116336469942159e-02 7.976503832050609162e+03
5.582181346630938484e-02 7.921965555482725904e+03
5.637794953050714875e-02 7.868346778301955965e+03
5.693962621230036492e-02 7.815569977334082978e+03
5.750689871120825969e-02 7.763558773168162588e+03
5.807982277668623239e-02 7.712216667167573178e+03
5.865845471360502106e-02 7.661425903766197735e+03
5.924285138778393606e-02 7.611070549660689721e+03
5.983307023157947296e-02 7.561037628827904882e+03
6.042916924952954766e-02 7.511217067685587608e+03
6.103120702405395726e-02 7.461501554858324198e+03
6.163924272121169140e-02 7.411776406738151309e+03
6.225333609651549638e-02 7.361911335254596452e+03
6.287354750080446919e-02 7.311777677385299285e+03
6.349993788617509793e-02 7.261250489393122734e+03
6.413256881197139381e-02 7.210208603968371790e+03
6.477150245083478086e-02 7.158533760367894502e+03
6.541680159481411128e-02 7.106104920204964401e+03
6.606852966153668738e-02 7.052802411046135603e+03
6.672675070044069290e-02 6.998511077969097641e+03
6.739152939906978279e-02 6.943120460285676018e+03
6.806293108943023418e-02 6.886525566159229129e+03
6.874102175441167140e-02 6.828630258769934699e+03
6.942586803427150399e-02 6.769345026539197534e+03
7.011753723318414622e-02 6.708585644195869463e+03
7.081609732585542050e-02 6.646273432935318851e+03
7.152161696420282488e-02 6.582343014009797116e+03
7.223416548410245552e-02 6.516750208606943488e+03
7.295381291220301434e-02 6.449457949142542020e+03
7.368062997280781790e-02 6.380434445324282933e+03
7.441468809482529312e-02 6.309657791829395137e+03
7.515605941878877871e-02 6.237137534104766019e+03
7.590481680394618735e-02 6.162896910539618148e+03
7.666103383542038907e-02 6.086962988232140560e+03
7.742478483144085710e-02 6.009369918475006671e+03
7.819614485064739495e-02 5.930187209033909312e+03
7.897518969946663858e-02 5.849504015752522719e+03
7.976199593956202760e-02 5.767410452819295642e+03
8.055664089535799488e-02 5.684001095493933462e+03
8.135920266163912395e-02 5.599408313812546112e+03
8.216976011122503754e-02 5.513783230817624826e+03
8.298839290272171099e-02 5.427273363606402199e+03
8.381518148835001569e-02 5.340028772817691788e+03
8.465020712185232499e-02 5.252237505897453048e+03
8.549355186647773774e-02 5.164096670222275861e+03
8.634529860304705762e-02 5.075794254197161536e+03
8.720553103809794426e-02 4.987521597050118544e+03
8.807433371211129125e-02 4.899500768248099121e+03
8.895179200781958007e-02 4.811948919322834627e+03
8.983799215859797349e-02 4.725069941076020768e+03
9.073302125693900877e-02 4.639074097937443184e+03
9.163696726301172324e-02 4.554184198347233178e+03
9.254991901330604509e-02 4.470608731086517764e+03
9.347196622936337906e-02 4.388542106268924726e+03
9.440319952659401159e-02 4.308178786658365425e+03
9.534371042318252887e-02 4.229705304144665206e+03
9.629359134908191398e-02 4.153292848600681282e+03
9.725293565509710025e-02 4.079096744702240812e+03
9.822183762205929924e-02 4.007255713865987673e+03
9.920039247009146410e-02 3.937896059228798094e+03
1.001886963679662068e-01 3.871131171451836508e+03
1.011868464425569186e-01 3.807040556067662237e+03
1.021949407883830374e-01 3.745681238198347273e+03
1.032130784772504334e-01 3.687104983893902045e+03
1.042413595679877736e-01 3.631339240667316517e+03
1.052798851162799892e-01 3.578362414288215405e+03
1.063287571845996232e-01 3.528147523263142830e+03
1.073880788522371676e-01 3.480663086848699095e+03
1.084579542254313356e-01 3.435821354676750616e+03
1.095384884476001686e-01 3.393508750240618156e+03
1.106297877096742571e-01 3.353617687862439197e+03
1.117319592605326845e-01 3.316009476341798745e+03
1.128451114175431508e-01 3.280491680191899832e+03
1.139693535772068889e-01 3.246875653155615510e+03
1.151047962259098972e-01 3.214970123426607643e+03
1.162515509507809908e-01 3.184532737406203069e+03
1.174097304506582784e-01 3.155311587918773512e+03
1.185794485471647203e-01 3.127062760103722667e+03
1.197608201958941659e-01 3.099520337961988389e+03
1.209539614977087063e-01 3.072399219509814884e+03
1.221589897101486716e-01 3.045423013329979767e+03
1.233760232589562467e-01 3.018320919694546319e+03
1.246051817497139669e-01 2.990821966295196034e+03
1.258465859795990516e-01 2.962663985493110886e+03
1.271003579492549773e-01 2.933598590097060423e+03
1.283666208747811510e-01 2.903410021691709517e+03
1.296454991998422512e-01 2.871903170434631193e+03
1.309371186078980565e-01 2.838896155997833830e+03
1.322416060345550370e-01 2.804256758071348031e+03
1.335590896800413208e-01 2.767905244449313159e+03
1.348896990218055869e-01 2.729774646324828154e+03
1.362335648272417488e-01 2.689836956511359404e+03
1.375908191665401181e-01 2.648150815524730206e+03
1.389615954256669950e-01 2.604793318344200088e+03
1.403460283194732094e-01 2.559856835303457046e+03
1.417442539049333927e-01 2.513519683779547449e+03
1.431564095945172532e-01 2.465994365891013786e+03
1.445826341696939132e-01 2.417488609900847223e+03
1.460230677945708322e-01 2.368260513582946260e+03
1.474778520296686213e-01 2.318617960479266458e+03
1.489471298458330817e-01 2.268852332087810282e+03
1.504310456382859651e-01 2.219256567679754880e+03
1.519297452408154003e-01 2.170158757389298444e+03
1.534433759401080954e-01 2.121869040868597040e+03
1.549720864902240092e-01 2.074672436813542845e+03
1.565160271272154069e-01 2.028842462284384055e+03
1.580753495838914946e-01 1.984633088507556067e+03
1.596502071047301852e-01 1.942272802114792967e+03
1.612407544609383292e-01 1.901936710859569757e+03
1.628471479656621590e-01 1.863751793116248791e+03
1.644695454893490838e-01 1.827831911798823285e+03
1.661081064752626957e-01 1.794243295244942829e+03
1.677629919551522075e-01 1.762957259844111604e+03
1.694343645650780716e-01 1.733935012648473958e+03
1.711223885613952500e-01 1.707122604586497573e+03
1.728272298368957460e-01 1.682353154204038447e+03
1.745490559371119799e-01 1.659426945045345519e+03
1.762880360767824506e-01 1.638153953535576647e+03
1.780443411564815448e-01 1.618294138425708525e+03
1.798181437794151571e-01 1.599565102020409995e+03
1.816096182683832883e-01 1.581696130099152697e+03
1.834189406829120628e-01 1.564406680186201811e+03
1.852462888365560278e-01 1.547381888960141623e+03
1.870918423143731191e-01 1.530314491279253161e+03
1.889557824905736261e-01 1.512912437621954268e+03
1.908382925463449065e-01 1.494906608194302862e+03
1.927395574878538465e-01 1.476045127109125133e+03
1.946597641644285392e-01 1.456097265459540722e+03
1.965991012869211241e-01 1.434941015987282299e+03
1.985577594462536455e-01 1.412540309037495035e+03
2.005359311321486537e-01 1.388870780844247747e+03
2.025338107520462949e-01 1.363979657001833857e+03
2.045515946502100280e-01 1.338033322956926895e+03
2.065894811270225784e-01 1.311206032125479851e+03
2.086476704584742103e-01 1.283687018475246759e+03
2.107263649158450658e-01 1.255754920529034052e+03
2.128257687855837355e-01 1.227697893756700068e+03
2.149460883893836438e-01 1.199783822068594645e+03
2.170875321044597184e-01 1.172281235493666372e+03
2.192503103840268142e-01 1.145450851438353311e+03
2.214346357779823915e-01 1.119529306042241842e+03
2.236407229537950569e-01 1.094709493817856355e+03
2.258687887176013820e-01 1.071131395846012992e+03
2.281190520355126927e-01 1.048918590888105882e+03
2.303917340551343285e-01 1.028159466278792934e+03
2.326870581272992566e-01 1.008837665417454559e+03
2.350052498280180979e-01 9.909137801349806978e+02
2.373465369806478653e-01 9.743424121075253197e+02
2.397111496782817763e-01 9.589751026961984053e+02
2.420993203063617760e-01 9.446066720382893891e+02
2.445112835655166295e-01 9.310430952667663860e+02
2.469472764946274157e-01 9.180655420309948340e+02
2.494075384941227547e-01 9.054147971162212798e+02
2.518923113495064037e-01 8.928414453810491977e+02
2.544018392551187779e-01 8.801219742292300907e+02
2.569363688381356980e-01 8.670896817514096711e+02
2.594961491828058908e-01 8.535984840155342681e+02
2.620814318549301580e-01 8.395222569673011321e+02
2.646924709265841558e-01 8.248339905279907498e+02
2.673295230010879209e-01 8.095616096157003767e+02
2.699928472382236433e-01 7.937371669171351414e+02
2.726827053797051259e-01 7.774587021815018488e+02
2.753993617749007639e-01 7.609046610485399924e+02
2.781430834068127633e-01 7.442474268094753143e+02
2.809141399183152643e-01 7.276611709547478313e+02
2.837128036386539209e-01 7.113533454517553309e+02
2.865393496102093263e-01 6.955229332666719984e+02
2.893940556155272237e-01 6.803439098201130264e+02
2.922772022046179474e-01 6.659102835522620580e+02
2.951890727225278122e-01 6.522732831177290791e+02
2.981299533371852828e-01 6.394774564483045651e+02
3.011001330675244780e-01 6.274988746850447114e+02
3.040999038118887277e-01 6.162315736540264197e+02
3.071295603767177362e-01 6.055714775209119125e+02
3.101894005055194636e-01 5.954069149983608895e+02
3.132797249081316626e-01 5.855842026222732102e+02
3.164008372902745170e-01 5.759490350688637363e+02
3.195530443833975442e-01 5.663591498862418803e+02
3.227366559748241492e-01 5.567044910329406093e+02
3.259519849381963819e-01 5.468960097088682915e+02
3.291993472642229523e-01 5.368527550148406817e+02
3.324790620917337791e-01 5.265540113151265587e+02
3.357914517390435671e-01 5.160620247648511167e+02
3.391368417356281917e-01 5.054424595696816596e+02
3.425155608541166075e-01 4.947669055693826294e+02
3.459279411426012252e-01 4.841453917164317886e+02
3.493743179572704749e-01 4.736911383544335763e+02
3.528550299953665537e-01 4.635066443177582869e+02
3.563704193284709110e-01 4.536656960664658982e+02
3.599208314361223016e-01 4.442192516558118314e+02
3.635066152397689043e-01 4.352130315948921293e+02
3.671281231370590037e-01 4.266588811247303283e+02
3.707857110364736752e-01 4.184931927054346374e+02
3.744797383923038070e-01 4.106454389703596348e+02
3.782105682399761748e-01 4.030485178039702987e+02
3.819785672317310143e-01 3.956259694011593524e+02
3.857841056726554751e-01 3.882989041086785846e+02
3.896275575570757876e-01 3.809941650436126679e+02
3.935093006053119180e-01 3.736656091729354330e+02
3.974297163007986522e-01 3.663120899681596825e+02
4.013891899275764397e-01 3.589376548569830447e+02
4.053881106081554941e-01 3.515506378563196108e+02
4.094268713417575367e-01 3.441952766058186626e+02
4.135058690429381234e-01 3.369310135155615171e+02
4.176255045805942201e-01 3.298125740951064131e+02
4.217861828173596894e-01 3.228807494704263377e+02
4.259883126493942407e-01 3.161522730692443020e+02
4.302323070465677302e-01 3.096394797827273351e+02
4.345185830930456961e-01 3.033517360949451245e+02
4.388475620282786260e-01 2.972728572431412886e+02
4.432196692883999534e-01 2.913691038592772315e+02
4.476353345480363344e-01 2.856086413226393006e+02
4.520949917625344816e-01 2.799618603158880319e+02
4.565990792106085494e-01 2.744011217718217495e+02
4.611480395374128460e-01 2.689008020083044812e+02
4.657423197980431473e-01 2.634373494962324571e+02
4.703823715014717188e-01 2.580025326474999474e+02
4.750686506549198773e-01 2.526176955625074072e+02
4.798016178086729200e-01 2.473062764910687861e+02
4.845817381013409197e-01 2.420897233539193678e+02
4.894094813055713256e-01 2.369849259465005389e+02
4.942853218742160326e-01 2.320036281967194327e+02
4.992097389869592505e-01 2.271561837127385104e+02
5.041832165974091673e-01 2.224513656642219814e+02
5.092062434806593485e-01 2.178813786012701144e+02
5.142793132813239243e-01 2.134213498501370054e+02
5.194029245620506163e-01 2.090472985284311562e+02
5.245775808525182660e-01 2.047373035419516611e+02
5.298037906989213619e-01 2.004817779892447902e+02
5.350820677139485060e-01 1.962860355275141160e+02
5.404129306272581479e-01 1.921559231392599827e+02
5.457969033364573619e-01 1.880967642922437619e+02
5.512345149585889947e-01 1.841133548440255936e+02
5.567262998821306264e-01 1.802099492118273361e+02
5.622727978195131149e-01 1.763903434297021704e+02
5.678745538601608356e-01 1.726579099218326974e+02
5.735321185240616071e-01 1.690149233102165738e+02
5.792460478158694137e-01 1.654564702974523982e+02
5.850169032795466961e-01 1.619740330904089660e+02
5.908452520535508734e-01 1.585596425317764897e+02
5.967316669265702034e-01 1.552058990519582835e+02
6.026767263938160868e-01 1.519076220688811816e+02
6.086810147138747018e-01 1.486666394288390620e+02
6.147451219661260735e-01 1.454862128518652469e+02
6.208696441087353524e-01 1.423692663272491075e+02
6.270551830372206314e-01 1.393184027458586058e+02
6.333023466436054072e-01 1.363351688302666105e+02
6.396117488761601244e-01 1.334172616925214641e+02
6.459840097997383568e-01 1.305613880196176524e+02
6.524197556567148393e-01 1.277644443986503688e+02
6.589196189285302374e-01 1.250235086450656041e+02
6.654842383978487597e-01 1.223358554994758691e+02
6.721142592113359404e-01 1.196999289130443742e+02
6.788103329430605903e-01 1.171155738702166076e+02
6.855731176585296849e-01 1.145826784280815644e+02
6.924032779793605208e-01 1.121010760344727686e+02
6.993014851485969130e-01 1.096705487892295281e+02
7.062684170966768704e-01 1.072908299599204014e+02
7.133047585080570796e-01 1.049613619013443611e+02
7.204112008885015239e-01 1.026809658643581997e+02
7.275884426330379018e-01 1.004484063227149306e+02
7.348371890945969431e-01 9.826248788933557421e+01
7.421581526533295170e-01 9.612205387217493069e+01
7.495520527866171845e-01 9.402598488507339880e+01
7.570196161397800827e-01 9.197319751124670972e+01
7.645615765974884681e-01 8.996267923566631453e+01
7.721786753558866900e-01 8.799362247445633045e+01
7.798716609954350343e-01 8.606528613169140840e+01
7.876412895544774306e-01 8.417693823929816688e+01
7.954883246035421296e-01 8.232785597754511286e+01
8.034135373203825647e-01 8.051732570425171787e+01
8.114177065657659504e-01 7.874464297751876529e+01
8.195016189600168310e-01 7.700911257220634809e+01
8.276660689603233534e-01 7.531004847913369815e+01
8.359118589388132570e-01 7.364676416072538245e+01
8.442397992614085744e-01 7.201855610216355785e+01
8.526507083674647047e-01 7.042472856703764705e+01
8.611454128502044059e-01 6.886459848912072346e+01
8.697247475379518145e-01 6.733749526985435807e+01
8.783895555761763729e-01 6.584276057837803364e+01
8.871406885103543249e-01 6.437974815408746565e+01
8.959790063696552176e-01 6.294782361170883433e+01
9.049053777514624031e-01 6.154636424887085155e+01
9.139206799067357556e-01 6.017475885616170217e+01
9.230257988262247082e-01 5.883240752965109976e+01
9.322216293275399357e-01 5.751872150954933716e+01
9.415090751430927885e-01 5.623312325456995353e+01
9.508890490089109138e-01 5.497504613865643819e+01
9.603624727543386141e-01 5.374393407656842214e+01
9.699302773926307131e-01 5.253924134716975658e+01
9.795934032124491431e-01 5.136043242261089148e+01
9.893527998702711379e-01 5.020698179976389497e+01
9.992094264837180217e-01 4.907837383389674812e+01
1.009164251725813477e+00 4.797410257456967742e+01
1.019218253920180395e+00 4.689367160373789289e+01
1.029372421137192184e+00 4.583659387604365065e+01
1.039627751291064994e+00 4.480239156128407529e+01
1.049985252237944700e+00 4.379059588903239586e+01
1.060445941874939013e+00 4.280074699540203653e+01
1.071010848240168789e+00 4.183239377193022790e+01
1.081681009613783218e+00 4.088509371656894587e+01
1.092457474620016189e+00 3.995841280964322806e+01
1.103341302330221652e+00 3.905192549906458765e+01
1.114333562366975228e+00 3.816521445271010293e+01
1.125435335009173698e+00 3.729787034875109697e+01
1.136647711298218955e+00 3.644949173781202489e+01
1.147971793145223796e+00 3.561968490732745352e+01
1.159408693439321514e+00 3.480806374782748946e+01
1.170959536157018421e+00 3.401424962114045059e+01
1.182625456472672365e+00 3.323787123049002190e+01
1.194407600870035724e+00 3.247856449247434085e+01
1.206307127254944822e+00 3.173597241090572041e+01
1.218325205069097139e+00 3.100974495249688445e+01
1.230463015404998695e+00 3.029953892437277574e+01
1.242721751122016771e+00 2.960501785339380376e+01
1.255102616963631679e+00 2.892585186726855895e+01
1.267606829675812286e+00 2.826171757744270252e+01
1.280235618126614794e+00 2.761229796374170675e+01
1.292990223426931040e+00 2.697728226075337332e+01
1.305871899052480245e+00 2.635636584592831966e+01
1.318881910966975823e+00 2.574925012938458124e+01
1.332021537746560069e+00 2.515564244539341132e+01
1.345292070705437215e+00 2.457525589919946540e+01
1.358694814022800124e+00 2.400780902598340205e+01
1.372231084870978890e+00 2.345302589083809153e+01
1.385902213544909278e+00 2.291063610409776174e+01
1.399709543592847050e+00 2.238037471903930253e+01
1.413654431948430101e+00 2.186198213098460386e+01
1.427738249064008702e+00 2.135520397805341730e+01
1.441962379045353071e+00 2.085979104354075275e+01
1.456328219787654144e+00 2.037549915990229721e+01
1.470837183112927438e+00 1.990208911432236150e+01
1.485490694908737419e+00 1.943932655584753988e+01
1.500290195268352944e+00 1.898698190406173580e+01
1.515237138632249847e+00 1.854483025928492523e+01
1.530332993931073027e+00 1.811265131427262887e+01
1.545579244729972324e+00 1.769022926739814494e+01
1.560977389374426316e+00 1.727735273729496512e+01
1.576528941137470552e+00 1.687381467894192255e+01
1.592235428368440120e+00 1.647941230116836664e+01
1.608098394643145745e+00 1.609394698556268466e+01
1.624119398915596202e+00 1.571722420676167964e+01
1.640300015671180445e+00 1.534905345410406419e+01
1.656641835081428704e+00 1.498924815462652660e+01
1.673146463160262165e+00 1.463762559738544056e+01
1.689815521921852692e+00 1.429400690055152978e+01
1.706650649540001341e+00 1.395821720639971453e+01
1.723653500509160219e+00 1.363008540958676207e+01
1.740825745807000668e+00 1.330944393303883011e+01
1.758169073058660992e+00 1.299612866033600689e+01
1.775685186702570251e+00 1.268997887005994052e+01
1.793375808157982920e+00 1.239083717122654704e+01
1.811242675994125584e+00 1.209854943979208741e+01
1.829287546101085793e+00 1.181296475621726039e+01
1.847512191862344277e+00 1.153393534407756960e+01
1.865918404329087732e+00 1.126131650970450337e+01
1.884507992396195819e+00 1.099496658284627060e+01
1.903282782980043386e+00 1.073474685833251385e+01
1.922244621198011982e+00 1.048052153873189241e+01
1.941395370549852784e+00 1.023215767798721743e+01
1.960736913100792567e+00 9.989525126017015921e+00
1.980271149666528174e+00 9.752496474268552262e+00
2.000000000000000000e+00 9.520947002211100241e+00
